40 5
200 150 30 0.165320701008627 313989 587
300 200 50 0.17079203077426078 430818 770
400 250 70 0.16888026934133119 548127 980
500 300 90 0.17049043827521387 665932 1236
600 350 110 0.1705756949486822 783937 1457
60 5
200 150 30 0.12532527263114565 313969 806
300 200 50 0.1309817781105589 430768 1121
400 250 70 0.13012990789647297 548314 1430
500 300 90 0.13390204127917452 666048 1701
600 350 110 0.13524754435186823 783831 1972
80 5
200 150 30 0.1070424410097494 313937 1112
300 200 50 0.1102676507007467 430705 1423
400 250 70 0.11273025866587265 548196 1919
500 300 90 0.11237006254364457 665954 2213
600 350 110 0.11351078588133215 783769 2708
100 5
200 150 30 0.1055510930156665 313977 1388
300 200 50 0.10525060641799824 430692 1885
400 250 70 0.1057565472221655 548264 2362
500 300 90 0.10798833869339526 665955 2944
600 350 110 0.1079288439568867 783940 3448
120 5
200 150 30 0.0920103041275239 313935 1736
300 200 50 0.09188345018875999 430678 2307
400 250 70 0.09099991715301183 548217 2941
500 300 90 0.09146477518968124 665997 3586
600 350 110 0.09354675426983775 783639 4222
