40 4
1.0E12 0.99 0.14751413089625293 199972 232
1.0E12 0.9 0.13817335831151747 199965 269
1.0E12 0.8 0.14582711051805247 199939 276
1.0E12 0.7 0.15350605795984792 199969 275
60 4
1.0E12 0.99 0.10791152011277794 199968 258
1.0E12 0.9 0.09554614635409939 199949 308
1.0E12 0.8 0.10044665733767122 199907 305
1.0E12 0.7 0.09547941137501512 199923 311
80 4
1.0E12 0.99 0.09030339384067501 199889 291
1.0E12 0.9 0.08217475816293762 199923 333
1.0E12 0.8 0.08378937467224312 199885 335
1.0E12 0.7 0.08733863622264466 199943 332
100 4
1.0E12 0.99 0.07074959853329466 199908 339
1.0E12 0.9 0.07329291369981189 199892 391
1.0E12 0.8 0.07028596778081292 199852 376
1.0E12 0.7 0.07517714211680133 199957 375
120 4
1.0E12 0.99 0.06507083239502161 199826 361
1.0E12 0.9 0.06445880711040572 199918 410
1.0E12 0.8 0.0678999779542894 199837 409
1.0E12 0.7 0.06333206813335412 199699 414
