100 5
500 300 50 91.8 638110 1211
1000 600 100 93.2 1148460 1170
2000 1200 250 95.6 2588099 3244
5000 3000 500 95.8 6380569 9624
10000 6000 1000 95.6 11484809 18510
200 5
500 300 50 179.0 638100 926
1000 600 100 184.2 1148516 2145
2000 1200 250 187.4 2587940 6163
5000 3000 500 191.8 6380756 15721
10000 6000 1000 193.0 12761664 31591
300 5
500 300 50 257.4 638062 1231
1000 600 100 265.6 1276177 3263
2000 1200 250 275.8 2588149 6834
5000 3000 500 283.6 6380679 19075
10000 6000 1000 287.4 12761876 39881
400 5
500 300 50 328.2 638164 1532
1000 600 100 349.2 1276188 3754
2000 1200 250 359.2 2587908 8963
5000 3000 500 373.6 6380632 23743
10000 6000 1000 378.6 12761411 50007
500 5
500 300 50 396.2 638225 1907
1000 600 100 425.0 1276199 4596
2000 1200 250 443.0 2588266 10895
5000 3000 500 455.2 6380284 28558
10000 6000 1000 466.0 12761378 59886
