100 4
100000.0 0.99 98.6 200000 182
100000.0 0.8 98.6 199999 180
100000.0 0.6 98.8 199999 179
100000.0 0.4 88.2 906 0
200 4
100000.0 0.99 196.8 199998 200
100000.0 0.8 197.2 199998 212
100000.0 0.6 197.6 199999 209
100000.0 0.4 169.2 1439 1
300 4
100000.0 0.99 296.6 199999 233
100000.0 0.8 296.0 199997 271
100000.0 0.6 295.4 199998 254
100000.0 0.4 250.2 2563 3
400 4
100000.0 0.99 394.8 199999 277
100000.0 0.8 394.4 199999 301
100000.0 0.6 392.6 199999 301
100000.0 0.4 329.8 3464 5
500 4
100000.0 0.99 492.0 199999 322
100000.0 0.8 492.4 199998 335
100000.0 0.6 492.8 199999 342
100000.0 0.4 415.6 3979 6
